send:2023-05-15 15:44:44.668803
send:2023-05-15 15:44:44.703805
send:2023-05-15 15:44:44.996128
